frequency: 50

# x, y, z, roll, pitch, yaw
kp: [4.0, 2.0, 2.0, 2.0, 2.0, 2.0]
ki: [0.0, 0.0, 0.0, 0.0, 0.0, 0.0]
kd: [1.0, 1.0, 1.0, 1.0, 1.0, 1.0]
tau: [0.1, 0.1, 0.1, 0.1, 0.1, 0.1]
limits: [[-1.0, 1.0], [-1.0, 1.0], [-1.0, 1.0], [-1.0, 1.0], [-1.0, 1.0], [-1.0, 1.0]]

# x, y, z, roll, pitch, yaw in N
max_wrench: [ 30.0, 30.0, 30.0, 15.0, 15.0, 15.0 ]

dynamics:
  # kg
  mass: 2.6

  # m^3
  volume: 0.0025

  # kg / m^3
  water_density: 1028.0

  # x, y, z in body NED
  center_of_gravity: [0.0, 0.0, 0.0]
  center_of_buoyancy: [0.0, 0, 0.0]

  # Ixx, Iyy, Izz, Ixy, Ixz, Iyz
  moments: [0.3, 0.3, 0.3, 0.0, 0.0, 0.0]

  # x, y, z, roll, pitch, yaw
  linear_damping: [62.3844, 83.1339, 44.2445, 7.69374, 5.65474, 3.10541]
  quadratic_damping: [0.0, 0.0, 0.0, 0.0, 0.0, 0.0]
  added_mass: [0.0, 0.0, 0.0, 0.0, 0.0, 0.0]